80 08 0C 02 FD 80 7F 88 48 80 C0 04 00 40 00 C0 00 01 00 00 00 00 00 00 80 00 00 4C
hot: 16C ventil 1
80 08 0C 02 FD 80 7F 88 48 10 C0 44 00 40 00 C0 00 01 00 00 00 00 00 00 80 00 00 94
17C
80 08 0C 02 FD 80 7F 88 48 10 C0 24 00 40 00 C0 00 01 00 00 00 00 00 00 80 00 00 E4
18
80 08 0C 02 FD 80 7F 88 48 10 C0 64 00 40 00 C0 00 01 00 00 00 00 00 00 80 00 00 A4
19
80 08 0C 02 FD 80 7F 88 48 10 C0 14 00 40 00 C0 00 01 00 00 00 00 00 00 80 00 00 C4
20
280 08 0C 02 FD 80 7F 88 48 10 C0 54 00 40 00 C0 00 01 00 00 00 00 00 00 80 00 00 84
21
80 08 0C 02 FD 80 7F 88 48 10 C0 34 00 40 00 C0 00 01 00 00 00 00 00 00 80 00 00 F8
22
80 08 0C 02 FD 80 7F 88 48 10 C0 74 00 40 00 C0 00 01 00 00 00 00 00 00 80 00 00 B8
23
80 08 0C 02 FD 80 7F 88 48 10 C0 0C 00 40 00 C0 00 01 00 00 00 00 00 00 80 00 00 D8
24
80 08 0C 02 FD 80 7F 88 48 80 A0 04 00 C0 00 C0 00 01 00 00 00 00 00 00 80 00 00 F4
humid 16C
80 08 0C 02 FD 80 7F 88 48 10 A0 44 00 C0 00 C0 00 01 00 00 00 00 00 00 80 00 00 64
17
80 08 0C 02 FD 80 7F 88 48 10 A0 24 00 C0 00 C0 00 01 00 00 00 00 00 00 80 00 00 24
18
80 08 0C 02 FD 80 7F 88 48 10 A0 64 00 C0 00 C0 00 01 00 00 00 00 00 00 80 00 00 44
19
80 08 0C 02 FD 80 7F 88 48 10 A0 14 00 C0 00 C0 00 01 00 00 00 00 00 00 80 00 00 04
20
80 08 0C 02 FD 80 7F 88 48 30 A0 14 00 40 00 C0 00 01 00 00 00 00 00 00 80 00 00 B8
ventil 1
80 08 0C 02 FD 80 7F 88 48 30 A0 14 00 C0 00 C0 00 01 00 00 00 00 00 00 80 00 00 38
ventil 2
80 08 0C 02 FD 80 7F 88 48 30 A0 14 00 40 00 C0 00 01 00 00 00 00 00 00 80 00 00 B8
ventil 1
80 08 0C 02 FD 80 7F 88 48 30 A0 14 00 C0 00 C0 00 01 00 00 00 00 00 00 80 00 00 38
ventil 2
80 08 0C 02 FD 80 7F 88 48 A8 A0 14 00 C0 00 C0 00 01 00 00 00 00 00 00 80 04 00 CF
powerfull
80 08 0C 02 FD 80 7F 88 48 A8 A0 14 00 C0 00 C0 00 01 00 00 00 00 00 00 80 00 00 C8
80 08 0C 02 FD 80 7F 88 48 18 A0 14 00 C0 00 C0 00 01 00 00 00 00 00 00 80 40 00 70
eco
80 08 0C 02 FD 80 7F 88 48 18 A0 14 00 C0 00 C0 00 01 00 00 00 00 00 00 80 00 00 08
noeco
80 08 0C 02 FD 80 7F 88 48 80 20 34 00 80 00 C0 00 01 00 00 00 00 00 00 80 00 00 64
cold 22
80 08 0C 02 FD 80 7F 88 48 90 20 54 00 80 00 C0 00 01 00 00 00 00 00 00 80 00 00 04
cold 21
80 08 0C 02 FD 80 7F 88 48 90 20 14 00 80 00 C0 00 01 00 00 00 00 00 00 80 00 00 44
cold 20
ventil auto
80 08 0C 02 FD 80 7F 88 48 30 20 14 00 A0 00 C0 00 01 00 00 00 00 00 00 80 00 00 D8
ventil 4
80 08 0C 02 FD 80 7F 88 48 30 20 14 00 20 00 C0 00 01 00 00 00 00 00 00 80 00 00 38
ventil 3
80 08 0C 02 FD 80 7F 88 48 30 20 14 00 C0 00 C0 00 01 00 00 00 00 00 00 80 00 00 B8
ventil2
80 08 0C 02 FD 80 7F 88 48 30 20 14 00 40 00 C0 00 01 00 00 00 00 00 00 80 00 00 78
ventil 1
80 08 0C 02 FD 80 7F 88 48 A8 20 14 00 40 00 C0 00 01 00 00 00 00 00 00 80 04 00 AF
powerful
80 08 0C 02 FD 80 7F 88 48 18 20 14 00 40 00 C0 00 01 00 00 00 00 00 00 80 40 00 08
eco
80 08 0C 02 FD 80 7F 88 48 18 20 14 00 40 00 C0 00 01 00 00 00 00 00 00 80 00 00 48
normal
80 08 0C 02 FD 80 7F 88 48 40 20 14 00 40 00 C0 00 00 00 00 00 00 00 00 80 00 00 15
off
80 08 0C 02 FD 80 7F 88 48 80 C0 0C 00 40 00 C0 00 01 00 00 00 00 00 00 80 00 00 44
hot
